Inertia Tensor:

16.3775502931, 0.618040750708, -0.30010726552
0.618040750708, 4.04879868002, 0.15825326444
-0.30010726552, 0.15825326444, 17.8845564843


Inverse Inertia Tensor:

0.0614351507128, -0.00942150143914, 0.00111426405589
-0.00942150143914, 0.248517146406, -0.00235712363116
0.00111426405589, -0.00235712363116, 0.0559537175064
